1
#1	物情，！@#￥%……&*（）——+刘嘉皓	700	100	100	100	100	100	100	100
#2	物院张宇潇	700	100	100	100	100	100	100	100
#3	物院俞海婷	700	100	100	100	100	100	100	100
#4	唯唯诺诺潘旺瑞	700	100	100	100	100	100	100	100
#5	刘紫琼	700	100	100	100	100	100	100	100
#6	上天入地白芮宁	700	100	100	100	100	100	100	100
#7	姜曜然沙楞儿的去学习	700	100	100	100	100	100	100	100
#8	黄曹宁	700	100	100	100	100	100	100	100
#9	许子凌	700	100	100	100	100	100	100	100
#10	不会DP谁教教赖晓鸣DP啊哭了DP好难啊怎么办啊哇哇哇	700	100	100	100	100	100	100	100
#11	张汝坤正在优化一款原创肉鸽类卡牌游戏	700	100	100	100	100	100	100	100
#12	刘盛琼 物理学院	700	100	100	100	100	100	100	100
#13	熬夜幻兽帕鲁韩宇轩	700	100	100	100	100	100	100	100
#14	电子信息，潘浩	700	100	100	100	100	100	100	100
#15	银培植qwq	700	100	100	100	100	100	100	100
#16	陈冶邦	700	100	100	100	100	100	100	100
#17	杨凯翔QAQ⁻¹	700	100	100	100	100	100	100	100
#18	王静 22 物院	700	100	100	100	100	100	100	100
#19	五梨	100	100
#1	潘梦明	700	100	100	100	100	100	100	100
#2	QCRaaaaa	700	100	100	100	100	100	100	100
#3	笙夜惊起敲代码高新龙	700	100	100	100	100	100	100	100
#4	物院 刘津铭	700	100	100	100	100	100	100	100
#5	赖汶熙	700	100	100	100	100	100	100	100
#6	周旭雯	700	100	100	100	100	100	100	100
#7	白兰鸽曾浩杰	650	60	100	100	100	100	100	90
#8	田金	640	50	100	100	100	100	100	90
#9	吭哧吭哧物院何婷婷	520	100	100	100		100	50	70
#10	物院叶怡萍有个傻室友	490		100		100	100	100	90
#11	物院王子旭	360	90	100	100				70
#12	陈胜楠	210	30				100	20	60
#13	余华杰	200	100	100
#14	余伯航什么都不会躺着进蓝桥送死	100		100
2
#1	潘梦明	500	100	100	100	100	100
#2	上天入地白芮宁	500	100	100	100	100	100
#3	黄曹宁	500	100	100	100	100	100
#4	姜曜然沙楞儿的去学习	500	100	100	100	100	100
#5	不会DP谁教教赖晓鸣DP啊哭了DP好难啊怎么办啊哇哇哇	500	100	100	100	100	100
#6	笙夜惊起敲代码高新龙	500	100	100	100	100	100
#7	刘紫琼	500	100	100	100	100	100
#8	唯唯诺诺潘旺瑞	500	100	100	100	100	100
#9	杨凯翔QAQ⁻¹	500	100	100	100	100	100
#10	陈冶邦	500	100	100	100	100	100
#11	熬夜幻兽帕鲁韩宇轩	500	100	100	100	100	100
#12	物院第一深情刘嘉皓	500	100	100	100	100	100
#13	银培植qwq	500	100	100	100	100	100
#14	张汝坤正在优化一款原创肉鸽类卡牌游戏	500	100	100	100	100	100
#15	王静 22 物院	500	100	100	100	100	100
#16	物院俞海婷	500	100	100	100	100	100
#17	许子凌	450	100	50	100	100	100
#18	余华杰	200		100			100
#19	吭哧吭哧物院何婷婷	0
#1	QCRaaaaa	500	100	100	100	100	100
#2	电子信息，潘浩	500	100	100	100	100	100
#3	田金	500	100	100	100	100	100
#4	物院 刘津铭	500	100	100	100	100	100
#5	赖汶熙	400	100	100	100	100
#6	物院王子旭	100	100
#7	白兰鸽曾浩杰	100	100
3
#1	潘梦明	800	100	100	100	100	100	100	100	100
#2	陈冶邦	800	100	100	100	100	100	100	100	100
#3	张汝坤正在优化一款原创肉鸽类卡牌游戏	800	100	100	100	100	100	100	100	100
#4	王静 22 物院	800	100	100	100	100	100	100	100	100
#5	杨凯翔QAQ⁻¹	800	100	100	100	100	100	100	100	100
#6	QCRaaaaa	800	100	100	100	100	100	100	100	100
#7	物院俞海婷	800	100	100	100	100	100	100	100	100
#8	银培植qwq	700	100	100	100	100	100	100	100
#9	黄曹宁	700	100	100	100	100	100	100	100
#10	物院第一深情刘嘉皓	700	100	100	100	100	100	100	100
#11	许子凌	690	100	100	70	100	100	100	100	20
#12	不会DP谁教教赖晓鸣DP啊哭了DP好难啊怎么办啊哇哇哇	610	100	100	100	100		100	100	10
#13	唯唯诺诺潘旺瑞	600	100	100	100	100		100	100
#14	笙夜惊起敲代码高新龙	600	100	100	100	100		100	100
#15	曹俞欣	500		100	100	100	100	100
#16	田金	482	100	100	100	100			72	10
#17	姜曜然沙楞儿的去学习	400	100	100	100	100
#18	余华杰	200		100		100
#19	刘紫琼	200	100	100
#1	QCRaaaaa	800	100	100	100	100	100	100	100	100
#2	陈冶邦	800	100	100	100	100	100	100	100	100
#3	上天入地白芮宁	800	100	100	100	100	100	100	100	100
#4	熬夜幻兽帕鲁韩宇轩	700	100	100	100	100	100	100	100
#5	电子信息，潘浩	700	100	100	100	100	100	100	100
#6	物院 刘津铭	500	100		100	100		100	100
#7	赖汶熙	300	100	100	100
4
#1	王静 22 物院	600	100	100	100	100	100	100
#2	银培植qwq	600	100	100	100	100	100	100
#3	陈冶邦	600	100	100	100	100	100	100
#4	杨凯翔QAQ⁻¹	600	100	100	100	100	100	100
#5	物院第一深情刘嘉皓	600	100	100	100	100	100	100
#6	姜曜然沙楞儿的去学习	600	100	100	100	100	100	100
#7	潘梦明	600	100	100	100	100	100	100
#8	黄曹宁	600	100	100	100	100	100	100
#9	唯唯诺诺潘旺瑞	600	100	100	100	100	100	100
#10	物院俞海婷	600	100	100	100	100	100	100
#11	周旭雯	600	100	100	100	100	100	100
#12	QCRaaaaa	590	100	100	100	90	100	100
#13	上天入地白芮宁	520	100	100	20	100	100	100
#14	不会DP谁教教赖晓鸣DP啊哭了DP好难啊怎么办啊哇哇哇	500	100	100	100	100	100
#15	田金	500	100	100	100	100	100
#16	笙夜惊起敲代码高新龙	500	100	100	100	100	100
#17	熬夜幻兽帕鲁韩宇轩	500	100	100	100	100	100
#18	许子凌	400	100	100		100	100
#19	张汝坤正在优化一款原创肉鸽类卡牌游戏	400		100		100	100	100
#1	物院 刘津铭	600	100	100	100	100	100	100
#2	电子信息，潘浩	500	100	100	100	100	100
#3	田金	500	100	100	100	100	100
#4	余华杰	300		100		100	100
5
#1	物院俞海婷	500	100	100	100	100	100
#2	王静 22 物院	500	100	100	100	100	100
#3	杨凯翔QAQ⁻¹	500	100	100	100	100	100
#4	陈冶邦	500	100	100	100	100	100
#5	银培植qwq	500	100	100	100	100	100
#6	黄曹宁	400	100	100	100	100
#7	田金	400	100	100	100		100
#8	唯唯诺诺潘旺瑞	300	100	100	100
#9	熬夜幻兽帕鲁韩宇轩	300	100	100	100
#10	许子凌	300	100	100		100
#11	上天入地白芮宁	200		100	100
#12	赖汶熙	200	100	100
#13	张汝坤正在优化一款原创肉鸽类卡牌游戏	100		100
#14	不会DP谁教教赖晓鸣DP啊哭了DP好难啊怎么办啊哇哇哇	100	100
#15	笙夜惊起敲代码高新龙	100	100
#16	余华杰	100		100
#17	物院第一深情刘嘉皓	50	50
6
#1	银培植qwq	600	100	100	100	100	100	100
#2	杨凯翔QAQ⁻¹	600	100	100	100	100	100	100
#3	物院俞海婷	600	100	100	100	100	100	100
#4	陈冶邦	600	100	100	100	100	100	100
#5	王静 22 物院	600	100	100	100	100	100	100
#6	QCRaaaaa	424	84	100	100	100	40
#7	张汝坤正在优化一款原创肉鸽类卡牌游戏	300	100	100	100
#8	许子凌	200	100	100
#9	唯唯诺诺潘旺瑞	200	100	100
#10	物院第一深情刘嘉皓	100		100
7
#1	杨凯翔QAQ⁻¹	600
#2	物院俞海婷	600
#3	陈冶邦	600
#4	银培植qwq	600
#5	王静 22 物院	600
#6	黄曹宁	600
#7	许子凌	600
#8	熬夜幻兽帕鲁韩宇轩	500
#9	唯唯诺诺潘旺瑞	200
8
#1	QCRaaaaa	600	100	100	100	100	100	100
#2	物院俞海婷	600	100	100	100	100	100	100
#3	杨凯翔QAQ⁻¹	600	100	100	100	100	100	100
#4	陈冶邦	600	100	100	100	100	100	100
#5	王静 22 物院	600	100	100	100	100	100	100
#6	张汝坤正在优化一款原创肉鸽类卡牌游戏	580	100	100	100	80	100	100
#7	银培植qwq	500	100	100	100	100	100
#8	物院第一深情刘嘉皓	300	100	100	100
#9	许子凌	210	100	100	10
#10	熬夜幻兽帕鲁韩宇轩	200	100	100
#11	黄曹宁	200	100	100
9
#1	物院俞海婷	1100	100	100	100	100	100	100	100	100	100	100	100
#2	陈冶邦	1100	100	100	100	100	100	100	100	100	100	100	100
#3	杨凯翔QAQ⁻¹	1100	100	100	100	100	100	100	100	100	100	100	100
#4	王静 22 物院	900	100	100	100	100	100	100	100	100	100
#5	张汝坤正在优化一款原创肉鸽类卡牌游戏	700	100	100	100	100		100	100	100
#6	QCRaaaaa	700	100	100	100	100		100	100	100
#7	银培植qwq	500	100	100	100	100	100
10
#1	银培植qwq	300	100	100	100
#2	陈冶邦	300	100	100	100
#3	杨凯翔QAQ⁻¹	300	100	100	100
#4	物院,，，俞海婷	300	100	100	100
#5	王静 22 物院	100		100
#6	黄曹宁	100		100
#7	唯唯诺诺潘旺瑞	100		100
11
#1	物院俞海婷	200	100	100
#2	陈冶邦	200	100	100
#3	杨凯翔QAQ⁻¹	200	100	100
#4	银培植qwq	50	50
