1
#1	王静 22 物院	700	100	100	100	100	100	100	100
#2	物院俞海婷	700	100	100	100	100	100	100	100
#3	唯唯诺诺潘旺瑞	700	100	100	100	100	100	100	100
#4	刘紫琼	700	100	100	100	100	100	100	100
#5	上天入地白芮宁	700	100	100	100	100	100	100	100
#6	姜曜然沙楞儿的去学习	700	100	100	100	100	100	100	100
#7	黄曹宁	700	100	100	100	100	100	100	100
#8	许子凌	700	100	100	100	100	100	100	100
#9	赖晓鸣大风吹来了昙花一现的代码	700	100	100	100	100	100	100	100
#10	物院第一深情刘嘉皓	700	100	100	100	100	100	100	100
#11	早八起不来韩宇轩	700	100	100	100	100	100	100	100
#12	银培植qwq	700	100	100	100	100	100	100	100
#13	陈冶邦	700	100	100	100	100	100	100	100
#14	杨凯翔QAQ⁻¹	700	100	100	100	100	100	100	100
#15	张汝坤正在优化一款原创肉鸽类卡牌游戏	700	100	100	100	100	100	100	100
#16	峡谷看到潘浩请让他滚去学线代	490	100	100	100	100			90
#17	骂骂咧咧张昊宇	400	100	100	100				100
#18	刘盛琼 物理学院	330	100	100	100				30
#19	五梨	100	100
#20	物院张宇潇	100	100
#1	潘梦明	700	100	100	100	100	100	100	100
#2	QCRaaaaa	700	100	100	100	100	100	100	100
#3	笙夜惊起敲代码高新龙	700	100	100	100	100	100	100	100
#4	物院 刘津铭	700	100	100	100	100	100	100	100
#5	赖汶熙	700	100	100	100	100	100	100	100
#6	白兰鸽曾浩杰	650	60	100	100	100	100	100	90
#7	田金	640	50	100	100	100	100	100	90
#8	吭哧吭哧物院何婷婷	520	100	100	100		100	50	70
#9	物院叶怡萍有个傻室友	490		100		100	100	100	90
#10	物院王子旭	360	90	100	100				70
#11	陈胜楠	210	30				100	20	60
#12	余华杰	100	100
#13	余伯航什么都不会躺着进蓝桥送死	100		100
2
#1	潘梦明	500	100	100	100	100	100
#2	上天入地白芮宁	500	100	100	100	100	100
#3	黄曹宁	500	100	100	100	100	100
#4	姜曜然沙楞儿的去学习	500	100	100	100	100	100
#5	赖晓鸣大风吹来了昙花一现的代码	500	100	100	100	100	100
#6	笙夜惊起敲代码高新龙	500	100	100	100	100	100
#7	刘紫琼	500	100	100	100	100	100
#8	唯唯诺诺潘旺瑞	500	100	100	100	100	100
#9	杨凯翔QAQ⁻¹	500	100	100	100	100	100
#10	陈冶邦	500	100	100	100	100	100
#11	早八起不来韩宇轩	500	100	100	100	100	100
#12	物院第一深情刘嘉皓	500	100	100	100	100	100
#13	银培植qwq	500	100	100	100	100	100
#14	张汝坤正在优化一款原创肉鸽类卡牌游戏	500	100	100	100	100	100
#15	王静 22 物院	500	100	100	100	100	100
#16	物院俞海婷	500	100	100	100	100	100
#17	许子凌	450	100	50	100	100	100
#18	余华杰	200		100			100
#19	吭哧吭哧物院何婷婷	0
#1	田金	500	100	100	100	100	100
#2	QCRaaaaa	500	100	100	100	100	100
#3	白兰鸽曾浩杰	100	100
#4	物院王子旭	100	100
3
#1	潘梦明	800	100	100	100	100	100	100	100	100
#2	杨凯翔QAQ⁻¹	800	100	100	100	100	100	100	100	100
#3	张汝坤正在优化一款原创肉鸽类卡牌游戏	800	100	100	100	100	100	100	100	100
#4	物院俞海婷	800	100	100	100	100	100	100	100	100
#5	陈冶邦	720	100	100	100	100	100	100	100	20
#6	物院第一深情刘嘉皓	700	100	100	100	100	100	100	100
#7	银培植qwq	700	100	100	100	100	100	100	100
#8	许子凌	690	100	100	70	100	100	100	100	20
#9	QCRaaaaa	600	100	100	60	100	100	30	100	10
#10	王静 22 物院	600	100	100	100	100	100	100
#11	唯唯诺诺潘旺瑞	600	100	100	100	100		100	100
#12	笙夜惊起敲代码高新龙	600	100	100	100	100		100	100
#13	曹俞欣	500		100	100	100	100	100
#14	早八起不来韩宇轩	470	100	100	100	100	60	10
#15	姜曜然沙楞儿的去学习	300	100	100	100
#16	余华杰	200		100		100
#17	田金	200	100	100
#18	刘紫琼	200	100	100
#19	黄曹宁	136	100	36
#1	QCRaaaaa	600	100	100	60	100	100	30	100	10
4
#1	潘梦明	600	100	100	100	100	100	100
#2	银培植qwq	600	100	100	100	100	100	100
#3	杨凯翔QAQ⁻¹	600	100	100	100	100	100	100
#4	物院俞海婷	600	100	100	100	100	100	100
#5	物院第一深情刘嘉皓	500	100	100	100	100	100
#6	张汝坤正在优化一款原创肉鸽类卡牌游戏	400		100		100	100	100
#7	王静 22 物院	400		100		100	100	100
#8	笙夜惊起敲代码高新龙	400	100	100	100	100
#9	唯唯诺诺潘旺瑞	400	100	100	100	100
#10	QCRaaaaa	300		100			100	100
#11	陈冶邦	200	100			100
#12	早八起不来韩宇轩	100				100
#13	姜曜然沙楞儿的去学习	100				100

